8.700083308790143928e+04 8.887444027299506706e+04
8.870393311956968682e+04 9.057754030454590975e+04
9.040713338816197938e+04 9.228074057325560716e+04
9.211023341913030890e+04 9.398384060422393668e+04
9.381333389693904610e+04 9.568694184946281894e+04
9.551643392490777478e+04 9.739004187743154762e+04
9.721963303665442800e+04 9.909324252415441151e+04
9.892273306312334898e+04 1.007963425506233616e+05
9.900083331115737383e+04 1.008744427986573864e+05
1.007039333428256214e+05 1.025775435977549932e+05
1.024071336064185743e+05 1.042807430939185579e+05
1.041102336373869039e+05 1.059838438923163048e+05
1.058133340835998388e+05 1.076869443386466446e+05
1.075164341075691191e+05 1.093900451300453424e+05
1.092196332235152076e+05 1.110932457810858323e+05
1.109227332500841439e+05 1.127963458075373346e+05
